2014/06/29;12:43:10	0025.51	000.003	-000.00	0000.00	0000.00	-000.03	0000.01	0000.21	-000.74	-000.00
2014/06/29;12:48:34	0025.47	000.049	-000.00	0000.06	-000.08	-000.03	0000.08	0000.13	0000.67	-000.00
2014/06/29;12:50:13	0025.50	000.049	-000.00	0000.06	0000.00	-000.02	0000.17	-000.06	0001.45	-006.12
2014/06/29;12:50:28	0025.51	000.049	-000.00	0000.07	0000.01	-000.02	0000.19	0000.08	0001.49	-008.22
2014/06/29;12:50:43	0025.51	000.049	-000.00	0000.07	0000.05	-000.07	0000.17	0000.18	0001.57	-008.44
2014/06/29;12:50:59	0025.50	000.049	-000.00	0000.08	0000.21	-000.02	0000.23	0000.14	0001.65	-015.90
2014/06/29;12:51:15	0025.54	000.048	-000.00	0000.09	-000.08	-000.01	0000.10	0000.02	0001.71	-000.55
2014/06/29;12:51:21	0025.54	000.048	-000.00	0000.08	-000.09	-000.01	0000.09	0000.15	0001.27	0001.25
2014/06/29;12:51:28	0025.53	000.048	-000.00	0000.07	-000.10	-000.03	0000.01	-000.01	0001.04	0004.85
2014/06/29;12:51:36	0025.51	000.048	-000.00	0000.07	-000.18	-000.04	-000.02	0000.40	0000.59	0006.86
2014/06/29;12:51:43	0025.53	000.049	-000.00	0000.07	-000.40	-000.02	-000.86	-001.10	-002.37	0014.50
2014/06/29;12:51:50	0025.51	000.049	-000.00	0000.19	-000.69	-000.10	-001.21	0000.01	-002.61	0019.99
2014/06/29;12:51:58	0025.51	000.049	-000.00	0000.19	-000.81	-000.11	-001.27	0001.87	-003.61	0022.89
2014/06/29;12:52:05	0025.53	000.049	-000.00	0000.23	-001.01	-000.10	-001.68	0000.25	-003.79	0026.63
2014/06/29;12:52:12	0025.54	000.049	-000.00	0000.39	-001.04	-000.12	-001.92	0000.02	-004.56	0029.83
2014/06/29;12:52:19	0025.53	000.049	-000.00	0000.52	-001.28	-000.11	-002.09	-000.05	-004.19	0034.40
2014/06/29;12:52:26	0025.53	000.049	-000.00	0000.53	-001.25	-000.10	-002.24	0000.22	-004.21	0035.52
2014/06/29;12:55:16	0025.55	000.048	-000.00	0000.12	0000.34	-000.18	-000.12	0000.86	0002.06	-015.91
2014/06/29;12:55:28	0025.56	000.048	-000.00	0000.11	0000.27	-000.17	-000.14	0000.07	0002.05	-015.90
2014/06/29;12:55:41	0025.55	000.048	-000.00	0000.10	0000.20	-000.18	-000.22	0000.26	0001.90	-014.24
2014/06/29;12:55:50	0025.55	000.048	-000.00	0000.09	0000.18	-000.17	-000.24	-000.04	0001.89	-013.16
2014/06/29;12:55:59	0025.54	000.048	-000.00	0000.09	0000.13	-000.17	-000.23	-000.06	0001.85	-012.79
2014/06/29;12:56:09	0025.56	000.048	-000.00	0000.09	0000.10	-000.17	-000.25	-000.19	0001.80	-010.94
2014/06/29;12:56:16	0025.56	000.048	-000.00	0000.08	0000.09	-000.16	-000.27	0000.07	0001.79	-009.46
2014/06/29;12:56:31	0025.54	000.048	-000.00	0000.07	0000.04	-000.16	-000.26	0000.19	0001.68	-007.60
2014/06/29;12:56:40	0025.54	000.048	-000.00	0000.07	0000.03	-000.18	-000.26	0000.20	0001.71	-007.44
2014/06/29;12:56:48	0025.55	000.048	-000.00	0000.07	0000.02	-000.18	-000.27	0000.33	0001.64	-006.57
2014/06/29;12:56:54	0025.56	000.048	-000.00	0000.07	0000.01	-000.13	-000.29	-000.02	0001.57	-005.84
2014/06/29;12:57:01	0025.57	000.048	-000.00	0000.07	0000.00	-000.16	-000.32	0000.37	0001.44	-004.44
2014/06/29;12:57:08	0025.58	000.048	-000.00	0000.07	-000.01	-000.16	-000.32	0000.08	0001.39	-003.60
2014/06/29;12:57:15	0025.58	000.048	-000.00	0000.07	-000.03	-000.13	-000.32	0000.21	0001.19	-002.02
2014/06/29;12:57:23	0025.58	000.048	-000.00	0000.07	-000.04	-000.16	-000.34	0000.19	0000.72	-001.23
2014/06/29;12:57:30	0025.55	000.048	-000.00	0000.07	-000.05	-000.16	-000.35	0000.94	0001.01	-000.39
2014/06/29;12:57:36	0025.55	000.048	-000.00	0000.07	-000.06	-000.16	-000.35	0000.13	0000.92	0000.72
2014/06/29;12:57:44	0025.56	000.048	-000.00	0000.07	-000.07	-000.16	-000.36	0000.38	0000.91	0002.14
2014/06/29;12:57:52	0025.56	000.048	-000.00	0000.07	-000.09	-000.15	-000.36	0000.16	0000.78	0003.31
2014/06/29;12:57:59	0025.56	000.048	-000.00	0000.07	-000.18	-000.11	-000.42	-000.01	0000.27	0005.01
2014/06/29;12:58:05	0025.55	000.048	-000.00	0000.06	-000.15	-000.16	-000.44	-000.11	-000.35	0006.45
2014/06/29;12:58:12	0025.55	000.048	-000.00	0000.07	-000.17	-000.11	-000.51	0000.18	-000.46	0008.05
2014/06/29;12:58:18	0025.56	000.048	-000.00	0000.07	-000.20	-000.12	-000.68	-000.01	-001.02	0009.98
2014/06/29;12:58:24	0025.57	000.048	-000.00	0000.07	-000.27	-000.12	-000.60	-000.07	-001.15	0010.85
2014/06/29;12:58:29	0025.57	000.048	-000.00	0000.08	-000.31	-000.13	-000.63	-000.03	-001.37	0012.01
2014/06/29;12:58:36	0025.57	000.048	-000.00	0000.09	-000.35	-000.13	-000.87	-000.07	-001.55	0013.99
2014/06/29;12:58:43	0025.56	000.048	-000.00	0000.10	-000.48	-000.14	-000.88	0000.28	-002.01	0015.55
2014/06/29;12:58:49	0025.56	000.048	-000.00	0000.11	-000.49	-000.13	-000.90	0000.24	-002.09	0017.23
2014/06/29;12:58:57	0025.57	000.048	-000.00	0000.12	-000.58	-000.13	-001.05	0000.11	-002.62	0018.41
2014/06/29;12:59:03	0025.56	000.048	-000.00	0000.14	-000.70	-000.13	-001.11	0000.07	-002.62	0020.63
2014/06/29;12:59:09	0025.57	000.048	-000.00	0000.17	-000.79	-000.13	-001.19	0000.20	-003.03	0022.51
2014/06/29;12:59:16	0025.57	000.048	-000.00	0000.24	-000.86	-000.13	-001.42	0000.38	-003.34	0024.25
2014/06/29;12:59:23	0025.57	000.048	-000.00	0000.26	-000.98	-000.13	-001.60	-000.19	-003.47	0026.70
2014/06/29;12:59:30	0025.56	000.048	-000.00	0000.31	-001.08	-000.13	-001.88	0000.22	-004.23	0029.32
2014/06/29;12:59:44	0025.56	000.048	-000.00	0000.36	-001.09	-000.06	-001.93	0000.67	-005.22	0029.58
2014/06/29;12:59:50	0025.56	000.048	-000.00	0000.39	-001.10	-000.09	-001.95	0001.46	-004.97	0031.70
2014/06/29;12:59:57	0025.56	000.048	-000.00	0000.42	-001.14	-000.09	-002.05	0000.62	-004.88	0032.42
2014/06/29;13:00:03	0025.56	000.048	-000.00	0000.45	-001.15	-000.09	-002.08	0000.88	-005.26	0033.40
2014/06/29;13:00:10	0025.56	000.048	-000.00	0000.47	-001.16	-000.09	-002.15	0000.05	-005.17	0034.42
