2013/04/27;15:14:08	0081.48	001.052	0018.09	0000.20	0000.07	-000.13	0000.20	0000.78	000004.	0000.04
2013/04/27;15:14:09	0081.49	001.052	0018.09	0000.21	0000.07	-000.13	0000.18	0000.07	000004.	0000.04
2013/04/27;15:14:10	0081.50	001.052	0018.09	0000.21	0000.08	-000.13	0000.16	-000.75	000004.	0000.04
2013/04/27;15:14:13	0081.51	001.052	0018.10	0000.21	0000.07	-000.13	0000.18	-000.11	000004.	0000.04
2013/04/27;15:14:54	0081.79	001.052	0018.10	0000.20	0000.00	-000.10	0000.17	0000.17	000004.	-002.01
2013/04/27;15:14:56	0081.79	001.051	0018.09	0000.20	0000.00	-000.10	0000.17	-000.23	000004.	-002.01
2013/04/27;15:14:58	0081.80	001.051	0018.09	0000.20	-000.03	-000.10	0000.17	-000.22	000004.	-002.01
2013/04/27;15:15:02	0081.82	001.051	0018.09	0000.19	-000.03	-000.12	0000.16	-000.20	000004.	-002.02
2013/04/27;15:15:05	0081.84	001.051	0018.08	0000.19	-000.03	-000.12	0000.16	-000.48	000004.	-002.02
2013/04/27;15:16:39	0082.31	001.050	0018.08	0000.19	-000.04	-000.10	0000.15	-000.28	000005.	-004.03
2013/04/27;15:16:40	0082.32	001.050	0018.08	0000.18	-000.04	-000.10	0000.16	-000.04	000005.	-004.03
2013/04/27;15:16:41	0082.35	001.050	0018.08	0000.19	-000.04	-000.10	0000.17	0000.01	000005.	-004.03
2013/04/27;15:16:42	0082.37	001.050	0018.08	0000.18	-000.04	-000.10	0000.14	0000.08	000005.	-004.03
2013/04/27;15:17:28	0082.56	001.050	0018.08	0000.20	-000.07	-000.11	0000.20	0000.63	000005.	-006.00
2013/04/27;15:17:31	0082.56	001.050	0018.08	0000.19	-000.07	-000.11	0000.19	0000.01	000005.	-006.00
2013/04/27;15:17:34	0082.57	001.050	0018.08	0000.19	-000.07	-000.11	0000.19	0000.10	000005.	-006.00
2013/04/27;15:17:40	0082.58	001.050	0018.08	0000.19	-000.07	-000.11	0000.17	-000.07	000005.	-006.00
2013/04/27;15:18:08	0082.72	001.049	0018.07	0000.18	-000.08	-000.10	0000.24	0000.02	000004.	-007.99
2013/04/27;15:18:10	0082.73	001.048	0018.07	0000.18	-000.08	-000.11	0000.22	-000.01	000004.	-007.99
2013/04/27;15:18:12	0082.82	001.048	0018.07	0000.18	-000.07	-000.10	0000.21	-000.01	000005.	-007.99
2013/04/27;15:18:49	0082.86	001.049	0018.07	0000.21	-000.11	-000.10	0000.39	0000.15	000005.	-009.98
2013/04/27;15:18:50	0082.87	001.049	0018.07	0000.21	-000.11	-000.10	0000.37	0000.23	000005.	-009.98
2013/04/27;15:18:51	0082.87	001.049	0018.07	0000.20	-000.11	-000.10	0000.34	-000.30	000005.	-009.98
2013/04/27;15:19:26	0083.00	001.049	0018.07	0000.19	-000.17	-000.10	0000.25	-000.24	000005.	-011.99
2013/04/27;15:19:27	0083.00	001.049	0018.07	0000.19	-000.17	-000.10	0000.25	0000.01	000005.	-012.00
2013/04/27;15:19:28	0083.01	001.049	0018.07	0000.19	-000.17	-000.10	0000.25	0000.33	000005.	-012.00
2013/04/27;15:19:29	0083.01	001.049	0018.07	0000.19	-000.18	-000.10	0000.25	0000.19	000005.	-012.00
2013/04/27;15:19:55	0083.10	001.048	0018.08	0000.19	-000.20	-000.09	0000.24	-000.70	000006.	-013.99
2013/04/27;15:19:56	0083.10	001.048	0018.08	0000.20	-000.20	-000.09	0000.24	-000.37	000006.	-013.99
2013/04/27;15:19:57	0083.11	001.048	0018.08	0000.20	-000.20	-000.09	0000.23	0000.03	000006.	-013.99
2013/04/27;15:19:58	0083.15	001.048	0018.07	0000.20	-000.20	-000.09	0000.23	-000.15	000006.	-013.99
2013/04/27;15:20:46	0083.33	001.048	0018.07	0000.19	-000.26	-000.09	0000.26	0000.21	000005.	-016.00
2013/04/27;15:20:48	0083.33	001.047	0018.07	0000.20	-000.26	-000.09	0000.25	-000.19	000005.	-016.00
2013/04/27;15:20:49	0083.33	001.048	0018.07	0000.20	-000.26	-000.09	0000.25	-000.27	000005.	-016.00
2013/04/27;15:21:19	0083.49	001.047	0018.07	0000.22	-000.32	-000.12	0000.21	-000.14	000005.	-018.00
2013/04/27;15:21:20	0083.50	001.047	0018.07	0000.22	-000.33	-000.11	0000.22	-000.34	000005.	-018.00
2013/04/27;15:21:22	0083.50	001.047	0018.07	0000.22	-000.33	-000.11	0000.21	-000.19	000005.	-018.00
2013/04/27;15:21:23	0083.50	001.047	0018.07	0000.22	-000.32	-000.11	0000.22	0000.15	000005.	-018.00
2013/04/27;15:22:13	0083.65	001.047	0018.07	0000.25	-000.40	-000.12	0000.21	-000.18	000006.	-020.00
2013/04/27;15:22:15	0083.65	001.047	0018.07	0000.25	-000.40	-000.12	0000.21	0000.20	000006.	-020.00
2013/04/27;15:22:16	0083.66	001.047	0018.07	0000.25	-000.40	-000.12	0000.21	0000.10	000006.	-020.00
2013/04/27;15:22:18	0083.67	001.047	0018.07	0000.25	-000.40	-000.12	0000.21	-000.47	000006.	-020.00
2013/04/27;15:22:48	0083.84	001.047	0018.07	0000.28	-000.48	-000.12	0000.18	-000.22	000007.	-022.02
2013/04/27;15:22:50	0083.83	001.047	0018.06	0000.28	-000.48	-000.12	0000.17	-000.35	000007.	-022.02
2013/04/27;15:22:51	0083.84	001.047	0018.06	0000.28	-000.48	-000.12	0000.17	-000.22	000007.	-022.02
2013/04/27;15:22:52	0083.88	001.047	0018.07	0000.28	-000.48	-000.13	0000.18	0000.21	000007.	-022.02
2013/04/27;15:23:24	0083.95	001.046	0018.06	0000.35	-000.56	-000.12	0000.13	0000.08	000009.	-024.00
2013/04/27;15:23:26	0083.95	001.046	0018.06	0000.35	-000.56	-000.13	0000.12	0000.06	000009.	-024.00
2013/04/27;15:23:27	0083.94	001.046	0018.06	0000.34	-000.56	-000.13	0000.12	0000.05	000009.	-024.00
2013/04/27;15:23:29	0083.95	001.044	0018.06	0000.35	-000.56	-000.13	0000.13	0000.03	000009.	-024.00
2013/04/27;15:24:30	0084.13	001.047	0018.06	0000.36	-000.69	-000.14	0000.14	-000.15	000010.	-025.99
2013/04/27;15:24:31	0084.15	001.047	0018.06	0000.36	-000.68	-000.14	0000.14	-000.13	000010.	-025.99
2013/04/27;15:24:32	0084.16	001.047	0018.06	0000.36	-000.69	-000.14	0000.14	-000.16	000010.	-025.99
2013/04/27;15:24:34	0084.16	001.047	0018.06	0000.36	-000.69	-000.14	0000.14	-000.14	000010.	-025.99
2013/04/27;15:40:40	0083.35	001.046	0018.02	0000.06	-000.03	-000.03	0000.26	0000.04	000000.	0000.00
2013/04/27;15:40:41	0083.34	001.046	0018.02	0000.06	-000.03	-000.03	0000.26	0000.28	000000.	0000.00
2013/04/27;15:40:42	0083.34	001.046	0018.02	0000.06	-000.03	-000.03	0000.26	-000.29	000000.	0000.00
